33.292412 80.989159 -155.206329
0.000000 0.000000 0.000000
5.000000 5.000000 5.000000
7.140306 82.695343 -139.136444
0.000000 0.000000 0.000000
5.000000 5.000000 5.000000
50.630093 83.787842 -83.352859
0.000000 0.000000 0.000000
5.000000 5.000000 5.000000
29.228550 84.676857 -61.455349
0.000000 0.000000 0.000000
5.000000 5.000000 5.000000
-4.558097 84.107048 -61.834572
0.000000 0.000000 0.000000
5.000000 5.000000 5.000000
-18.278740 87.056465 -97.462349
0.000000 0.000000 0.000000
5.000000 5.000000 5.000000
-29.675745 85.770630 -127.717865
0.000000 0.000000 0.000000
5.000000 5.000000 5.000000
-4.399399 85.892891 -107.053032
0.000000 0.000000 0.000000
5.000000 5.000000 5.000000
-22.381187 83.506081 -155.805710
0.000000 0.000000 0.000000
5.000000 5.000000 5.000000
5.082181 80.952835 -166.229767
0.000000 0.000000 0.000000
5.000000 5.000000 5.000000
