114.678467 77.005692 -64.785889
0.000000 0.000000 0.000000
1.000000 1.000000 1.000000
143.190979 77.037224 -70.643112
0.000000 0.000000 0.000000
1.000000 1.000000 1.000000
173.209030 73.555359 -96.685608
0.000000 0.000000 0.000000
1.000000 1.000000 1.000000
118.849007 78.899277 -83.489166
0.000000 0.000000 0.000000
1.000000 1.000000 1.000000
149.734161 78.002205 -96.740715
0.000000 0.000000 0.000000
1.000000 1.000000 1.000000
148.647217 75.039513 -148.965790
0.000000 0.000000 0.000000
1.000000 1.000000 1.000000
104.868805 75.312141 -140.009705
0.000000 0.000000 0.000000
1.000000 1.000000 1.000000
107.522202 75.161850 -110.630615
0.000000 0.000000 0.000000
1.000000 1.000000 1.000000
125.382813 75.722298 -139.266174
0.000000 0.000000 0.000000
1.000000 1.000000 1.000000
180.979614 71.243919 -132.035614
0.000000 0.000000 0.000000
1.000000 1.000000 1.000000
173.958618 72.178482 -153.285034
0.000000 0.000000 0.000000
1.000000 1.000000 1.000000
